45  54  28  135  54  
44  55  16  114  57  
48  51  20  140  56  
47  52  20  96  58  
48  51  3  90  54  
48  51  8  142  57  
40  60  69  137  55  
48  51  27  190  57  
40  59  59  112  56  
45  54  13  81  57  
45  54  44  81  57  
45  54  6  62  56  
47  52  0  112  56  
45  54  2  95  57  
47  52  35  80  56  
44  55  27  70  56  
46  53  18  112  56  
45  54  33  137  55  
46  53  19  142  57  
45  54  45  140  56  
45  54  16  110  55  
44  55  29  147  59  
43  56  36  118  59  
36  63  43  64  58  
48  51  3  106  64  
46  53  9  193  58  
50  50  21  137  55  
47  52  11  71  57  
52  47  40  61  49  
47  52  31  36  51  
50  49  22  31  51  
49  50  49  50  50  
50  49  8  49  49  
50  49  31  40  49  
50  49  19  39  47  
51  48  30  40  48  
49  50  46  57  46  
51  48  20  58  47  
50  49  51  46  46  
49  50  67  56  45  
49  50  3  52  42  
50  50  77  44  44  
50  49  28  45  45  
50  49  22  51  41  
49  50  8  53  43  
50  49  31  44  44  
49  50  7  48  39  
50  49  5  51  41  
49  50  5  68  41  
49  50  20  66  40  
50  49  8  66  40  
49  50  8  65  39  
49  50  2  66  40  
49  50  4  65  65  
49  50  38  37  37  
49  50  38  31  38  
49  50  66  30  37  
48  51  34  26  37  
50  49  77  29  38  
51  48  22  51  31  
49  50  60  52  37  
49  50  73  87  35  
48  51  42  116  35  
50  49  55  70  35  
48  51  61  106  32  
51  48  26  170  34  
48  51  59  110  33  
50  49  14  170  34  
48  51  6  160  32  
49  50  5  165  33  
49  50  59  106  32  
49  50  14  165  33  
50  49  6  165  33  
48  51  2  165  33  
52  47  3  160  32  
50  50  0  160  32  
48  51  38  110  33  
50  50  19  66  33  
48  51  5  64  32  
49  51  32  82  33  
50  49  10  68  34  
48  51  39  55  33  
49  50  44  56  34  
49  50  41  30  33  
50  49  10  35  35  
49  50  32  29  35  
50  49  17  43  35  
45  54  47  26  35  
50  50  15  30  37  
49  50  44  29  38  
47  52  62  21  39  
49  50  3  23  40  
48  51  9  68  41  
48  51  64  53  43  
49  50  18  61  43  
48  51  38  61  43  
48  51  2  56  45  
48  51  50  67  47  
50  50  10  102  41  
49  50  12  84  42  
48  51  12  56  45  
49  50  60  53  43  
50  50  34  66  33  
53  46  4  51  31  
52  47  43  38  31  
50  49  10  38  31  
50  49  22  50  30  
50  49  20  50  30  
50  49  68  51  31  
49  50  21  50  30  
49  50  65  51  31  
50  50  13  75  30  
48  51  18  77  31  
48  51  4  75  30  
46  53  11  60  30  
55  44  15  75  30  
49  50  35  82  33  
50  49  37  82  33  
50  50  43  66  33  
49  50  38  66  33  
50  50  32  56  34  
48  51  36  41  33  
48  51  43  42  34  
49  50  7  55  33  
50  49  12  55  33  
49  50  1  56  34  
49  50  33  37  34  
49  50  25  42  34  
47  52  21  38  35  
