52  47  43  96  58  
53  46  3  77  62  
53  46  34  72  58  
54  45  68  150  60  
53  46  36  103  62  
50  49  60  55  55  
48  51  41  48  58  
50  49  25  90  54  
51  48  27  132  53  
48  51  37  135  54  
50  50  64  91  55  
50  50  8  140  56  
50  49  18  135  54  
49  50  18  140  56  
50  49  17  140  56  
47  52  15  93  56  
42  57  81  50  60  
54  45  5  65  59  
51  48  11  140  56  
50  49  58  82  58  
49  50  39  65  59  
51  48  49  59  59  
52  47  31  78  63  
51  48  11  54  60  
51  48  16  95  57  
52  47  2  50  61  
51  48  5  58  58  
52  47  26  44  62  
50  49  1  41  62  
50  49  11  38  62  
49  50  55  37  64  
51  48  19  35  64  
50  49  26  54  65  
49  50  21  55  67  
49  50  49  45  68  
50  49  12  45  68  
50  49  39  59  71  
51  48  7  105  74  
52  47  14  56  74  
50  49  33  56  74  
48  51  31  53  75  
49  50  20  48  78  
49  50  3  60  60  
51  48  32  74  89  
50  49  32  73  88  
50  49  1  88  88  
52  47  14  80  97  
49  50  23  55  67  
51  48  22  49  79  
50  49  56  56  74  
50  49  23  41  75  
50  50  17  44  80  
49  50  22  54  81  
49  50  32  39  78  
50  49  36  43  83  
50  49  23  54  81  
49  50  21  38  84  
50  49  25  44  88  
50  49  13  43  86  
51  48  5  51  87  
50  49  3  65  85  
51  48  3  52  78  
46  53  15  77  93  
52  47  11  101  81  
51  48  15  112  79  
50  49  43  133  80  
49  50  37  158  79  
49  50  19  112  79  
48  51  42  158  79  
49  50  25  160  80  
47  52  42  156  78  
50  50  9  70  78  
